0.2 0.209 0.2 0 180 90 
0.19 0.205 0.2 0 180 90 
0.179 0.203 0.2 0 180 90 
0.169 0.201 0.2 0 180 90 
0.159 0.2 0.2 0 180 90 
0.149 0.2 0.2 0 180 90 
0.138 0.202 0.2 0 180 90 
0.128 0.204 0.2 0 180 90 
0.118 0.208 0.2 0 180 90 
0.108 0.212 0.2 0 180 90 
0.097 0.217 0.2 0 180 90 
0.087 0.223 0.2 0 180 90 
0.077 0.23 0.2 0 180 90 
0.067 0.238 0.2 0 180 90 
0.056 0.247 0.2 0 180 90 
0.046 0.255 0.2 0 180 90 
0.036 0.265 0.2 0 180 90 
0.026 0.275 0.2 0 180 90 
0.015 0.285 0.2 0 180 90 
0.005 0.295 0.2 0 180 90 
-0.005 0.305 0.2 0 180 90 
-0.015 0.315 0.2 0 180 90 
-0.026 0.325 0.2 0 180 90 
-0.036 0.335 0.2 0 180 90 
-0.046 0.345 0.2 0 180 90 
-0.056 0.353 0.2 0 180 90 
-0.067 0.362 0.2 0 180 90 
-0.077 0.37 0.2 0 180 90 
-0.087 0.377 0.2 0 180 90 
-0.097 0.383 0.2 0 180 90 
-0.108 0.388 0.2 0 180 90 
-0.118 0.392 0.2 0 180 90 
-0.128 0.396 0.2 0 180 90 
-0.138 0.398 0.2 0 180 90 
-0.149 0.4 0.2 0 180 90 
-0.159 0.4 0.2 0 180 90 
-0.169 0.399 0.2 0 180 90 
-0.179 0.397 0.2 0 180 90 
-0.19 0.395 0.2 0 180 90 
-0.2 0.391 0.2 0 180 90 
